Breadth first: 57.12 23.44 87.43 18.36 44.55 68.99 111.22 11.0 20.21 36.18 48.48 77.77 101.0 543.21 1.0 21.0 51.0 345.67 251.0 
Inorder: 1.0 11.0 18.36 20.21 21.0 23.44 36.18 44.55 48.48 51.0 57.12 68.99 77.77 87.43 101.0 111.22 251.0 345.67 543.21 
Preorder: 57.12 23.44 18.36 11.0 1.0 20.21 21.0 44.55 36.18 48.48 51.0 87.43 68.99 77.77 111.22 101.0 543.21 345.67 251.0 
Postorder: 23.44 18.36 11.0 1.0 20.21 21.0 44.55 36.18 48.48 51.0 87.43 68.99 77.77 111.22 101.0 543.21 345.67 251.0 57.12 
Enter Dollar object to be inserted
Insertion of 47.88 is complete
Dollar object 48.58 is deleted
Breadth first: 57.12 23.44 87.43 18.36 44.55 68.99 111.22 11.0 20.21 36.18 51.0 77.77 101.0 543.21 1.0 21.0 47.88 345.67 251.0 
Inorder: 1.0 11.0 18.36 20.21 21.0 23.44 36.18 44.55 47.88 51.0 57.12 68.99 77.77 87.43 101.0 111.22 251.0 345.67 543.21 
Preorder: 57.12 23.44 18.36 11.0 1.0 20.21 21.0 44.55 36.18 51.0 47.88 87.43 68.99 77.77 111.22 101.0 543.21 345.67 251.0 
Postorder: 23.44 18.36 11.0 1.0 20.21 21.0 44.55 36.18 51.0 47.88 87.43 68.99 77.77 111.22 101.0 543.21 345.67 251.0 57.12 
Exiting application
Breadth first: 57.12 23.44 87.43 18.36 44.55 68.99 111.22 11.0 20.21 36.18 51.0 77.77 101.0 543.21 1.0 21.0 47.88 345.67 251.0 
Inorder: 1.0 11.0 18.36 20.21 21.0 23.44 36.18 44.55 47.88 51.0 57.12 68.99 77.77 87.43 101.0 111.22 251.0 345.67 543.21 
Preorder: 57.12 23.44 18.36 11.0 1.0 20.21 21.0 44.55 36.18 51.0 47.88 87.43 68.99 77.77 111.22 101.0 543.21 345.67 251.0 
Postorder: 23.44 18.36 11.0 1.0 20.21 21.0 44.55 36.18 51.0 47.88 87.43 68.99 77.77 111.22 101.0 543.21 345.67 251.0 57.12 
